tests/data/test_curve3.ecsv
# %ECSV 0.9
# ---
# datatype:
# - {name: amp_name, datatype: string}
# - {name: wavelength, unit: nm, datatype: float32}
# - {name: efficiency, unit: '', datatype: float32}
# meta: !!omap
# - {MODE: DETECTOR}
# - {TYPE: transmission_curve}
# - {CALIBDATE: '2022-10-05T00:00:00'}
# - {INSTRUME: LATISS}
# - {OBSTYPE: transmission_filter}
# - {CALIBCLS: lsst.ip.isr.IntermediateTransmissionCurve}
# - {DETECTOR: 0}
# - {SOURCE: LSST_SDSS_Filters.xlsx}
# - {FILTER: SDSSg_65mm~empty}
# - {CALIB_ID: 'raftName=RXX detectorName=RXX_S00 detector=0 calibDate=2022-10-05T00:00:00 ccd=0 ccdnum=0 filter=SDSSg_65mm~empty'}
# - {DATE: '2022-10-21T17:13:58.984473'}
# - {CALIB_CREATION_DATE: '2022-10-21'}
# - {CALIB_CREATION_TIME: '17:13:58'}
# - __serialized_columns__:
#     efficiency:
#       __class__: astropy.units.quantity.Quantity
#       unit: !astropy.units.Unit {unit: ''}
#       value: !astropy.table.SerializedColumn {name: efficiency}
#     wavelength:
#       __class__: astropy.units.quantity.Quantity
#       unit: !astropy.units.Unit {unit: nm}
#       value: !astropy.table.SerializedColumn {name: wavelength}
# schema: astropy-2.0
amp_name wavelength efficiency
C10 440 0.9858
C10 441 0.9833
C10 442 0.9828
C10 443 0.98345
C10 444 0.9853
C10 445 0.98515
C10 446 0.9839
C10 447 0.98385
C10 448 0.98445
C10 449 0.987
C10 450 0.9867
C10 451 0.9842
C10 452 0.97975
C10 453 0.9758
C10 454 0.97525
C10 455 0.9779
C10 456 0.98265
C10 457 0.98525
C10 458 0.9852
C10 459 0.98545
C10 460 0.9853
C11 440 0.9858
C11 441 0.9833
C11 442 0.9828
C11 443 0.98345
C11 444 0.9853
C11 445 0.98515
C11 446 0.9839
C11 447 0.98385
C11 448 0.98445
C11 449 0.987
C11 450 0.9867
C11 451 0.9842
C11 452 0.97975
C11 453 0.9758
C11 454 0.97525
C11 455 0.9779
C11 456 0.98265
C11 457 0.98525
C11 458 0.9852
C11 459 0.98545
C11 460 0.9853
C12 440 0.9858
C12 441 0.9833
C12 442 0.9828
C12 443 0.98345
C12 444 0.9853
C12 445 0.98515
C12 446 0.9839
C12 447 0.98385
C12 448 0.98445
C12 449 0.987
C12 450 0.9867
C12 451 0.9842
C12 452 0.97975
C12 453 0.9758
C12 454 0.97525
C12 455 0.9779
C12 456 0.98265
C12 457 0.98525
C12 458 0.9852
C12 459 0.98545
C12 460 0.9853
C13 440 0.9858
C13 441 0.9833
C13 442 0.9828
C13 443 0.98345
C13 444 0.9853
C13 445 0.98515
C13 446 0.9839
C13 447 0.98385
C13 448 0.98445
C13 449 0.987
C13 450 0.9867
C13 451 0.9842
C13 452 0.97975
C13 453 0.9758
C13 454 0.97525
C13 455 0.9779
C13 456 0.98265
C13 457 0.98525
C13 458 0.9852
C13 459 0.98545
C13 460 0.9853
C14 440 0.9858
C14 441 0.9833
C14 442 0.9828
C14 443 0.98345
C14 444 0.9853
C14 445 0.98515
C14 446 0.9839
C14 447 0.98385
C14 448 0.98445
C14 449 0.987
C14 450 0.9867
C14 451 0.9842
C14 452 0.97975
C14 453 0.9758
C14 454 0.97525
C14 455 0.9779
C14 456 0.98265
C14 457 0.98525
C14 458 0.9852
C14 459 0.98545
C14 460 0.9853
C15 440 0.9858
C15 441 0.9833
C15 442 0.9828
C15 443 0.98345
C15 444 0.9853
C15 445 0.98515
C15 446 0.9839
C15 447 0.98385
C15 448 0.98445
C15 449 0.987
C15 450 0.9867
C15 451 0.9842
C15 452 0.97975
C15 453 0.9758
C15 454 0.97525
C15 455 0.9779
C15 456 0.98265
C15 457 0.98525
C15 458 0.9852
C15 459 0.98545
C15 460 0.9853
C16 440 0.9858
C16 441 0.9833
C16 442 0.9828
C16 443 0.98345
C16 444 0.9853
C16 445 0.98515
C16 446 0.9839
C16 447 0.98385
C16 448 0.98445
C16 449 0.987
C16 450 0.9867
C16 451 0.9842
C16 452 0.97975
C16 453 0.9758
C16 454 0.97525
C16 455 0.9779
C16 456 0.98265
C16 457 0.98525
C16 458 0.9852
C16 459 0.98545
C16 460 0.9853
C17 440 0.9858
C17 441 0.9833
C17 442 0.9828
C17 443 0.98345
C17 444 0.9853
C17 445 0.98515
C17 446 0.9839
C17 447 0.98385
C17 448 0.98445
C17 449 0.987
C17 450 0.9867
C17 451 0.9842
C17 452 0.97975
C17 453 0.9758
C17 454 0.97525
C17 455 0.9779
C17 456 0.98265
C17 457 0.98525
C17 458 0.9852
C17 459 0.98545
C17 460 0.9853
C07 440 0.9858
C07 441 0.9833
C07 442 0.9828
C07 443 0.98345
C07 444 0.9853
C07 445 0.98515
C07 446 0.9839
C07 447 0.98385
C07 448 0.98445
C07 449 0.987
C07 450 0.9867
C07 451 0.9842
C07 452 0.97975
C07 453 0.9758
C07 454 0.97525
C07 455 0.9779
C07 456 0.98265
C07 457 0.98525
C07 458 0.9852
C07 459 0.98545
C07 460 0.9853
C06 440 0.9858
C06 441 0.9833
C06 442 0.9828
C06 443 0.98345
C06 444 0.9853
C06 445 0.98515
C06 446 0.9839
C06 447 0.98385
C06 448 0.98445
C06 449 0.987
C06 450 0.9867
C06 451 0.9842
C06 452 0.97975
C06 453 0.9758
C06 454 0.97525
C06 455 0.9779
C06 456 0.98265
C06 457 0.98525
C06 458 0.9852
C06 459 0.98545
C06 460 0.9853
C05 440 0.9858
C05 441 0.9833
C05 442 0.9828
C05 443 0.98345
C05 444 0.9853
C05 445 0.98515
C05 446 0.9839
C05 447 0.98385
C05 448 0.98445
C05 449 0.987
C05 450 0.9867
C05 451 0.9842
C05 452 0.97975
C05 453 0.9758
C05 454 0.97525
C05 455 0.9779
C05 456 0.98265
C05 457 0.98525
C05 458 0.9852
C05 459 0.98545
C05 460 0.9853
C04 440 0.9858
C04 441 0.9833
C04 442 0.9828
C04 443 0.98345
C04 444 0.9853
C04 445 0.98515
C04 446 0.9839
C04 447 0.98385
C04 448 0.98445
C04 449 0.987
C04 450 0.9867
C04 451 0.9842
C04 452 0.97975
C04 453 0.9758
C04 454 0.97525
C04 455 0.9779
C04 456 0.98265
C04 457 0.98525
C04 458 0.9852
C04 459 0.98545
C04 460 0.9853
C03 440 0.9858
C03 441 0.9833
C03 442 0.9828
C03 443 0.98345
C03 444 0.9853
C03 445 0.98515
C03 446 0.9839
C03 447 0.98385
C03 448 0.98445
C03 449 0.987
C03 450 0.9867
C03 451 0.9842
C03 452 0.97975
C03 453 0.9758
C03 454 0.97525
C03 455 0.9779
C03 456 0.98265
C03 457 0.98525
C03 458 0.9852
C03 459 0.98545
C03 460 0.9853
C02 440 0.9858
C02 441 0.9833
C02 442 0.9828
C02 443 0.98345
C02 444 0.9853
C02 445 0.98515
C02 446 0.9839
C02 447 0.98385
C02 448 0.98445
C02 449 0.987
C02 450 0.9867
C02 451 0.9842
C02 452 0.97975
C02 453 0.9758
C02 454 0.97525
C02 455 0.9779
C02 456 0.98265
C02 457 0.98525
C02 458 0.9852
C02 459 0.98545
C02 460 0.9853
C01 440 0.9858
C01 441 0.9833
C01 442 0.9828
C01 443 0.98345
C01 444 0.9853
C01 445 0.98515
C01 446 0.9839
C01 447 0.98385
C01 448 0.98445
C01 449 0.987
C01 450 0.9867
C01 451 0.9842
C01 452 0.97975
C01 453 0.9758
C01 454 0.97525
C01 455 0.9779
C01 456 0.98265
C01 457 0.98525
C01 458 0.9852
C01 459 0.98545
C01 460 0.9853
C00 440 0.9858
C00 441 0.9833
C00 442 0.9828
C00 443 0.98345
C00 444 0.9853
C00 445 0.98515
C00 446 0.9839
C00 447 0.98385
C00 448 0.98445
C00 449 0.987
C00 450 0.9867
C00 451 0.9842
C00 452 0.97975
C00 453 0.9758
C00 454 0.97525
C00 455 0.9779
C00 456 0.98265
C00 457 0.98525
C00 458 0.9852
C00 459 0.98545
C00 460 0.9853
